# oST version 5.0 parameters


[image]

width
240

height
180

[narrow_stereo]

camera matrix
214.366177 0.000000 119.216880
0.000000 214.181180 88.759761
0.000000 0.000000 1.000000

distortion
0.157860 -0.423835 -0.000187 -0.000723 0.000000

rectification
1.000000 0.000000 0.000000
0.000000 1.000000 0.000000
0.000000 0.000000 1.000000

projection
216.222576 0.000000 119.047039 0.000000
0.000000 217.369652 88.738280 0.000000
0.000000 0.000000 1.000000 0.000000
